|0000|006|0|01032026|31032026|Empresa Teste EFD LTDA|12345678000199||110042490114|987654321|0|1|
|0001|0|
|0140|001|Empresa Teste EFD LTDA|12345678000199|110042490114|||987654321|
|0990|4|
|M001|0|
|M100|101|0||1500,50|0,00|0,00|0|1500,50|1500,50||0,00|0,00|
|M200|4200,75|0,00|1500,50|0,00|2700,25|0,00|0,00|2700,25|
|M210|01|4200,75|4200,75|0,00|4200,75|0,00|0,00|4200,75|0,00|0,00|2700,25|
|M990|5|
|9001|0|
|9900|0000|1|
|9900|0001|1|
|9900|0140|1|
|9900|0990|1|
|9900|M001|1|
|9900|M100|1|
|9900|M200|1|
|9900|M210|1|
|9900|M990|1|
|9900|9001|1|
|9900|9900|12|
|9900|9990|1|
|9990|14|
|9999|24|
